2.81729053141 0.437675922623 2.68643988989 2.1375848003 0.780815302853 1.26386913253 2.79801784722 0.838066313724 1.60211923767 2.61659649982 1.04703356694 0.789491763289 2.73508507075 1.92259744621 2.07917885707 2.98817864407 4.40720124681
2.95269892723 2.23648107099 0.308117015646 0.527909712948 1.08383078211 1.60839930432 1.23367555544 1.64140623872 4.78219578267
2.80268495148 1.47593684283 1.66519722569 0.196905949854 2.16611148122 2.18483551355 2.17772973259 2.41190144411 5.04408267618
1.89382890331 2.29704482319 0.138901950229 2.04404347808 2.55212497933 0.558412901162 1.10326903168 1.43859823271 4.59009899427
2.5110232646 1.97568478243 0.546929326098 1.40920093852 0.115418759476 0.427816171204 1.02879823075 0.310011407238 5.01668412567
1.28237635726 1.06980671631 1.24385652155 0.768126235838 0.935727954525 2.54907132847 2.02219522478 2.89501399111 4.65204034061
0.495143927582 0.669801071468 1.62040955552 1.32745727316 1.27737537613 1.68194533479 2.76214466532 0.208186369857 5.04004021685
0.874003669473 1.09765341918 2.60129620341 1.28390760945 0.882371385103 2.46583349416 1.9755919066 2.03769492591 4.72419066293
1.09843433483 1.7539975197 1.35302158315 0.846759028418 1.81496352775 2.73654549647 0.317751525476 2.82256305747 5.04639889627
1.05101768143 2.53699930088 1.05488931357 0.857650752044 1.35734814569 0.502626405495 0.787954866175 2.28366681457 5.01820983639
0.495143927582 0.669801071468 1.62040955552 1.32745727316 2.16611148122 2.18483551355 2.17772973259 2.41190144411 4.75448803744
2.80268495148 1.47593684283 1.66519722569 0.196905949854 1.27737537613 1.68194533479 2.76214466532 0.208186369857 4.55316116023
2.95269892723 2.23648107099 0.308117015646 0.857650752044 1.35734814569 0.502626405495 0.787954866175 2.28366681457 4.82853525298
1.05101768143 2.53699930088 1.05488931357 0.527909712948 1.08383078211 3.0 1.23367555544 1.64140623872 4.68195931845
1.28237635726 1.06980671631 1.24385652155 0.768126235838 0.935727954525 2.54907132847 2.02219522478 0.208186369857 5.23410763608
0.495143927582 0.669801071468 1.62040955552 1.32745727316 1.27737537613 1.68194533479 2.76214466532 2.89501399111 4.98934332865
1.28237635726 1.06980671631 1.24385652155 0.768126235838 2.73508507075 1.95737558391 2.07917885707 2.98817864407 4.72302189556
1.60211923767 2.61659649982 1.04703356694 0.789491763289 0.935727954525 2.54907132847 2.02219522478 2.89501399111 4.87177770047
2.95269892723 2.91843201177 0.308117015646 0.527909712948 1.08383078211 1.60839930432 1.23367555544 1.64140623872 4.26295774941
2.95269892723 2.23648107099 0.308117015646 0.527909712948 1.08383078211 1.60839930432 1.23367555544 1.64140623872 4.60090457649
0.495143927582 0.669801071468 1.62040955552 1.32745727316 1.27737537613 1.68194533479 2.76214466532 2.89501399111 4.95809106421
2.95269892723 2.23648107099 0.308117015646 0.857650752044 1.35734814569 0.502626405495 0.787954866175 2.28366681457 4.75257063612
0.495143927582 0.669801071468 1.62040955552 1.32745727316 2.16611148122 2.18483551355 2.17772973259 2.89501399111 4.74778379837
1.60211923767 2.61659649982 1.04703356694 0.789491763289 0.935727954525 2.54907132847 2.02219522478 2.41190144411 4.94699119518
2.95269892723 2.23648107099 0.308117015646 0.527909712948 1.08383078211 1.60839930432 1.23367555544 1.64140623872 4.65697111996
2.95269892723 2.23648107099 0.308117015646 0.527909712948 1.08383078211 1.60839930432 1.23367555544 1.64140623872 4.69848635
2.95269892723 2.23648107099 0.308117015646 2.00917681001 1.27737537613 1.68194533479 2.76214466532 2.89501399111 4.55488459359
0.495143927582 0.669801071468 1.62040955552 0.857650752044 1.35734814569 0.502626405495 0.787954866175 2.28366681457 4.96925649933
0.495143927582 0.669801071468 1.62040955552 1.32745727316 1.08383078211 1.60839930432 1.23367555544 1.64140623872 5.14738207874
2.95269892723 2.23648107099 0.308117015646 0.527909712948 2.16611148122 2.18483551355 2.17772973259 2.41190144411 4.58011160002
0.495143927582 0.669801071468 1.62040955552 0.857650752044 1.35734814569 2.54907132847 2.02219522478 0.208186369857 4.69734034067
1.28237635726 1.06980671631 1.24385652155 0.768126235838 0.935727954525 0.502626405495 0.787954866175 2.28366681457 4.80573725839
2.95269892723 2.23648107099 0.308117015646 0.527909712948 1.08383078211 1.60839930432 2.17772973259 2.41190144411 4.41283725493
2.95269892723 2.23648107099 0.308117015646 0.527909712948 2.16611148122 2.18483551355 1.23367555544 2.28739952435 4.49465726605
0.495143927582 0.669801071468 1.62040955552 1.32745727316 1.27737537613 1.68194533479 2.02219522478 2.41190144411 4.98468951977
1.60211923767 2.61659649982 1.04703356694 0.789491763289 0.935727954525 2.54907132847 2.76214466532 2.89501399111 4.65451405383
2.95269892723 2.23648107099 1.62040955552 1.32745727316 1.27737537613 1.68194533479 2.76214466532 2.89501399111 4.79834652625
0.495143927582 0.669801071468 0.308117015646 0.857650752044 1.35734814569 0.502626405495 0.787954866175 2.28366681457 4.97566714129
2.95269892723 2.23648107099 0.308117015646 0.527909712948 1.08383078211 2.18483551355 2.17772973259 2.62605576987 4.70224524081
2.81946691378 2.23648107099 0.308117015646 0.1 2.16611148122 1.60839930432 1.23367555544 1.64140623872 4.59045355771
2.95269892723 2.23648107099 0.308117015646 0.527909712948 1.35734814569 0.502626405495 0.787954866175 2.28366681457 4.59926148407
0.495143927582 0.669801071468 0.308117015646 0.857650752044 2.16611148122 2.18483551355 1.23367555544 2.28739952435 4.73329588144
1.28237635726 0.669801071468 0.308117015646 0.857650752044 1.35734814569 0.502626405495 0.787954866175 2.28366681457 4.94267037521
0.495143927582 1.06980671631 1.24385652155 0.768126235838 0.935727954525 0.502626405495 0.787954866175 2.28366681457 5.00126223884
2.95269892723 2.23648107099 1.62040955552 1.32745727316 1.27737537613 1.68194533479 2.76214466532 2.89501399111 4.47091533704
2.95269892723 2.23648107099 1.62040955552 1.32745727316 1.27737537613 1.68194533479 2.76214466532 2.89501399111 4.43159178438
0.495143927582 0.669801071468 0.308117015646 0.857650752044 1.35734814569 0.502626405495 0.787954866175 2.28366681457 4.90305295983
0.495143927582 0.669801071468 0.308117015646 0.857650752044 1.35734814569 0.502626405495 0.787954866175 2.28366681457 5.0272809819
0.495143927582 0.669801071468 0.308117015646 0.857650752044 1.35734814569 2.18483551355 1.23367555544 2.28739952435 5.04242629501
2.95269892723 2.23648107099 0.308117015646 0.527909712948 2.16611148122 0.502626405495 0.787954866175 2.28366681457 4.74943639744
2.95269892723 2.23648107099 0.308117015646 0.857650752044 1.35734814569 0.502626405495 0.787954866175 2.28366681457 4.77251319533
0.495143927582 0.669801071468 1.62040955552 1.32745727316 1.27737537613 1.68194533479 2.76214466532 2.89501399111 4.95872497256
0.495143927582 1.06980671631 1.24385652155 0.768126235838 1.27737537613 1.68194533479 2.76214466532 2.89501399111 4.83333807382
2.95269892723 2.23648107099 1.62040955552 1.32745727316 0.935727954525 0.502626405495 0.787954866175 2.28366681457 4.70372759537
0.495143927582 0.669801071468 0.308117015646 0.857650752044 2.16611148122 2.54907132847 2.02219522478 0.208186369857 4.98713424227
1.28237635726 1.06980671631 1.24385652155 0.768126235838 0.935727954525 2.18483551355 1.23367555544 2.28739952435 4.7439320651
1.28237635726 1.06980671631 1.24385652155 0.768126235838 0.935727954525 2.54907132847 2.02219522478 0.208186369857 4.97199785862
1.28237635726 1.06980671631 1.24385652155 0.768126235838 0.935727954525 2.54907132847 2.02219522478 0.208186369857 4.73860204412
0.495143927582 1.06980671631 1.24385652155 0.768126235838 0.935727954525 0.502626405495 1.23367555544 2.28739952435 5.00246241484
0.495143927582 0.669801071468 0.308117015646 0.857650752044 2.16611148122 2.18483551355 0.787954866175 2.28366681457 4.68572033594
1.28237635726 1.06980671631 1.24385652155 0.768126235838 0.935727954525 1.68194533479 3.0 2.89501399111 5.14310994175
0.495143927582 0.669801071468 1.62040955552 1.32745727316 1.27737537613 2.54907132847 2.02219522478 0.208186369857 4.92537340277
0.495143927582 0.669801071468 0.308117015646 0.857650752044 2.16611148122 2.54907132847 1.23367555544 2.28739952435 4.90356635505
1.28237635726 1.06980671631 1.24385652155 0.768126235838 0.935727954525 2.18483551355 2.02219522478 0.208186369857 4.86920395737
1.28237635726 1.06980671631 1.24385652155 0.768126235838 0.935727954525 2.54907132847 2.02219522478 0.208186369857 5.30101422664
1.28237635726 1.06980671631 1.24385652155 0.768126235838 0.935727954525 2.54907132847 2.02219522478 0.208186369857 4.63772071425
0.495143927582 1.06980671631 1.24385652155 0.768126235838 0.935727954525 0.502626405495 2.76214466532 2.89501399111 4.84401913617
0.495143927582 0.669801071468 1.62040955552 1.32745727316 1.27737537613 1.68194533479 1.23367555544 2.28739952435 4.91386611227
2.95269892723 2.23648107099 0.308117015646 0.857650752044 1.35734814569 0.502626405495 0.787954866175 0.208186369857 4.82505425285
1.28237635726 1.06980671631 1.24385652155 0.768126235838 0.935727954525 2.54907132847 2.02219522478 2.28366681457 4.7141602836
0.495143927582 0.669801071468 1.24385652155 0.768126235838 0.935727954525 0.502626405495 2.76214466532 2.89501399111 5.05595302917
0.495143927582 1.06980671631 1.62040955552 1.32745727316 1.27737537613 2.54907132847 2.02219522478 0.208186369857 4.78717824627
1.28237635726 1.06980671631 1.24385652155 0.768126235838 0.935727954525 2.54907132847 3.0 2.89501399111 4.75182266762
1.28237635726 1.06980671631 1.24385652155 0.768126235838 0.935727954525 1.68194533479 2.02219522478 2.28366681457 4.95201764082
0.495143927582 0.669801071468 0.308117015646 0.857650752044 2.16611148122 2.54907132847 1.23367555544 2.28739952435 4.88021363066
0.495143927582 0.669801071468 0.308117015646 0.857650752044 2.16611148122 2.54907132847 1.23367555544 2.28739952435 4.9459868965
1.28237635726 1.06980671631 1.24385652155 0.768126235838 0.935727954525 1.68194533479 3.0 2.89501399111 4.69564218204
1.28237635726 1.06980671631 1.24385652155 0.768126235838 0.935727954525 1.68194533479 3.0 2.89501399111 5.01229521985
1.28237635726 1.06980671631 1.24385652155 0.768126235838 0.935727954525 2.54907132847 2.02219522478 0.208186369857 5.15946775296
1.28237635726 1.06980671631 1.24385652155 0.768126235838 0.935727954525 2.18483551355 2.02219522478 0.208186369857 4.7417872421
0.495143927582 0.669801071468 1.24385652155 0.768126235838 0.935727954525 0.502626405495 2.76214466532 2.89501399111 5.10189828717
1.28237635726 1.06980671631 1.24385652155 0.768126235838 0.935727954525 1.68194533479 3.0 2.89501399111 4.79507154251
1.28237635726 1.06980671631 1.24385652155 0.768126235838 1.70596291448 2.54907132847 1.23367555544 2.28739952435 4.79803888386
0.495143927582 0.669801071468 0.308117015646 0.857650752044 0.935727954525 2.03591595975 3.0 2.89501399111 4.84001763483
0.495143927582 0.669801071468 0.308117015646 0.857650752044 2.16611148122 2.54907132847 2.02219522478 0.208186369857 4.90350489129
0.495143927582 1.06980671631 0.715386100116 1.32745727316 1.27737537613 2.54907132847 1.23367555544 2.28739952435 5.00908777087
1.28237635726 1.06980671631 1.24385652155 0.768126235838 0.935727954525 2.54907132847 2.02219522478 2.89501399111 4.9580422616
1.28237635726 1.06980671631 1.24385652155 0.768126235838 0.935727954525 1.68194533479 3.0 0.208186369857 4.9018271826
0.1 1.06980671631 1.62040955552 1.32745727316 1.27737537613 2.54907132847 2.02219522478 0.208186369857 4.91712410863
0.495143927582 1.06980671631 1.62040955552 1.32745727316 1.27737537613 2.54907132847 2.02219522478 0.208186369857 5.11219478662
0.495143927582 1.06980671631 1.62040955552 1.32745727316 1.27737537613 2.54907132847 2.02219522478 0.208186369857 4.95780687795
0.495143927582 0.277670509625 1.62040955552 1.32745727316 1.27737537613 2.54907132847 2.02219522478 0.208186369857 5.16835672812
0.495143927582 1.06980671631 1.62040955552 1.32745727316 0.935727954525 0.502626405495 2.76214466532 2.89501399111 4.97799419514
0.495143927582 0.669801071468 1.24385652155 0.768126235838 0.637506713124 2.54907132847 2.02219522478 0.208186369857 4.96603600516
0.495143927582 1.06980671631 1.24385652155 0.768126235838 0.935727954525 1.68194533479 3.0 0.208186369857 4.72100879516
1.28237635726 0.669801071468 0.308117015646 0.857650752044 2.16611148122 2.54907132847 2.02219522478 0.208186369857 4.8338029233
0.495143927582 1.06980671631 0.715386100116 1.32745727316 0.935727954525 2.54907132847 2.02219522478 0.208186369857 4.88712591947
1.28237635726 1.06980671631 1.24385652155 0.768126235838 1.27737537613 2.54907132847 1.23367555544 2.28739952435 4.87423468491
1.28237635726 1.06980671631 1.24385652155 0.768126235838 0.935727954525 2.54907132847 2.02219522478 0.208186369857 4.91874982122
1.28237635726 1.06980671631 1.24385652155 0.768126235838 0.935727954525 2.54907132847 2.02219522478 0.208186369857 4.76015627391
0.495143927582 0.277670509625 1.62040955552 1.32745727316 1.27737537613 2.54907132847 2.02219522478 0.208186369857 5.13335956658
0.495143927582 1.06980671631 1.62040955552 1.32745727316 1.27737537613 2.54907132847 2.02219522478 0.208186369857 5.1542614932
1.28237635726 1.06980671631 1.24385652155 0.768126235838 1.56963526293 2.54907132847 2.02219522478 0.208186369857 4.71235542121
1.28237635726 0.669801071468 0.308117015646 0.857650752044 2.16611148122 2.54907132847 1.23367555544 2.28739952435 4.66486751999
1.28237635726 1.06980671631 0.715386100116 1.32745727316 0.935727954525 2.54907132847 2.02219522478 0.208186369857 5.15750804183
0.495143927582 1.06980671631 1.24385652155 0.768126235838 0.935727954525 2.54907132847 2.02219522478 0.208186369857 4.96010117715
1.28237635726 1.06980671631 1.24385652155 0.768126235838 1.27737537613 2.54907132847 1.23367555544 2.28739952435 4.87433601642
1.28237635726 1.06980671631 1.24385652155 0.88139502641 0.935727954525 2.54907132847 2.02219522478 0.208186369857 4.78869344242
1.28237635726 1.06980671631 1.24385652155 0.768126235838 0.935727954525 2.54907132847 2.02219522478 0.208186369857 4.90690007872
0.495143927582 1.06980671631 1.62040955552 1.32745727316 0.935727954525 0.502626405495 2.76214466532 2.89501399111 5.02385171006
0.495143927582 1.06980671631 1.24385652155 0.768126235838 0.935727954525 2.54907132847 2.02219522478 0.208186369857 4.91812253841
0.495143927582 1.06980671631 1.24385652155 0.768126235838 0.935727954525 2.53149724487 2.02219522478 0.208186369857 5.0947980905
0.495143927582 1.06980671631 1.24385652155 0.768126235838 0.935727954525 2.54907132847 2.02219522478 0.208186369857 5.01634289401
1.28237635726 1.06980671631 0.715386100116 1.32745727316 0.935727954525 2.54907132847 2.02219522478 0.208186369857 4.93756062452
1.28237635726 1.06980671631 1.62040955552 1.32745727316 0.935727954525 0.502626405495 2.76214466532 2.89501399111 4.77562861855
0.495143927582 1.06980671631 1.24385652155 0.768126235838 0.935727954525 2.54907132847 2.02219522478 0.208186369857 4.71249891033
1.28237635726 1.06980671631 1.24385652155 0.88139502641 0.935727954525 2.54907132847 2.02219522478 0.208186369857 4.85562556738
1.28237635726 1.06980671631 1.24385652155 0.768126235838 0.935727954525 2.54907132847 2.02219522478 0.208186369857 5.08977680248
1.28237635726 1.06980671631 1.24385652155 0.768126235838 0.935727954525 2.54907132847 2.02219522478 0.208186369857 5.09557887676
0.495143927582 1.06980671631 1.62040955552 1.32745727316 0.935727954525 0.502626405495 2.76214466532 2.89501399111 4.93643434037
1.28237635726 1.06980671631 0.715386100116 1.32745727316 0.935727954525 2.54907132847 2.02219522478 0.208186369857 4.98648480762
0.495143927582 1.06980671631 1.24385652155 0.768126235838 0.935727954525 2.53149724487 2.02219522478 0.208186369857 5.09697745651
0.495143927582 1.06980671631 1.24385652155 0.768126235838 0.935727954525 2.54907132847 2.02219522478 0.208186369857 4.91524003748
1.28237635726 1.06980671631 1.62040955552 1.32745727316 0.935727954525 0.502626405495 2.76214466532 2.89501399111 5.04071827569
0.495143927582 1.06980671631 1.24385652155 0.768126235838 0.935727954525 2.54907132847 2.02219522478 0.208186369857 4.51605957102
1.28237635726 1.06980671631 1.24385652155 0.768126235838 0.935727954525 2.53149724487 2.02219522478 0.208186369857 4.86975917212
1.28237635726 1.06980671631 1.24385652155 0.768126235838 0.935727954525 2.54907132847 2.02219522478 0.208186369857 4.88731896429
0.495143927582 1.06980671631 1.62040955552 1.32745727316 0.935727954525 0.502626405495 2.7870548299 2.89501399111 4.7951455333
0.495143927582 1.06980671631 1.24385652155 0.768126235838 0.935727954525 2.54907132847 2.02219522478 0.208186369857 4.75721796918
1.28237635726 1.06980671631 1.24385652155 0.768126235838 0.935727954525 2.53149724487 2.02219522478 0.208186369857 5.15396519475
1.28237635726 1.06980671631 1.24385652155 0.768126235838 0.935727954525 2.54907132847 2.02219522478 0.208186369857 4.90359231904
0.495143927582 1.06980671631 0.715386100116 1.32745727316 0.935727954525 2.54907132847 2.02219522478 0.208186369857 4.7495737134
0.495143927582 1.06980671631 1.24385652155 0.768126235838 0.935727954525 2.53149724487 2.02219522478 0.208186369857 4.82244971665
0.495143927582 0.242633385923 1.10547033707 0.768126235838 0.935727954525 2.54907132847 2.02219522478 0.208186369857 5.15027632501
0.495143927582 1.06980671631 1.24385652155 0.768126235838 0.935727954525 2.54907132847 2.02219522478 0.208186369857 5.02776233702
0.495143927582 1.06980671631 1.24385652155 0.768126235838 0.935727954525 2.54907132847 2.02219522478 0.208186369857 5.12528234589
1.28237635726 1.06980671631 1.24385652155 0.768126235838 0.935727954525 2.54907132847 2.02219522478 0.208186369857 4.89674266431
1.28237635726 1.06980671631 1.24385652155 0.768126235838 0.935727954525 2.54907132847 2.02219522478 0.208186369857 4.95062121438
0.495143927582 1.06980671631 1.24385652155 0.768126235838 0.935727954525 2.54907132847 2.02219522478 0.208186369857 4.99369613105
0.495143927582 1.06980671631 1.24385652155 0.768126235838 0.935727954525 2.54907132847 2.02219522478 0.208186369857 4.93474723406
0.495143927582 1.06980671631 1.24385652155 0.768126235838 0.935727954525 2.54907132847 2.02219522478 0.208186369857 5.10532233285
1.28237635726 1.06980671631 1.24385652155 0.768126235838 0.935727954525 2.54907132847 2.02219522478 0.208186369857 5.09682342785
1.28237635726 1.06980671631 1.24385652155 0.768126235838 0.935727954525 2.54907132847 2.02219522478 0.208186369857 4.94460126029
1.28237635726 1.06980671631 1.24385652155 0.768126235838 0.935727954525 2.54907132847 2.02219522478 0.208186369857 5.00258870673
0.495143927582 0.242633385923 1.10547033707 0.768126235838 0.935727954525 2.54907132847 2.02219522478 0.208186369857 5.04574259777
1.28237635726 1.06980671631 1.24385652155 0.768126235838 0.935727954525 2.54907132847 2.02219522478 0.208186369857 4.94451154693
0.495143927582 1.06980671631 1.24385652155 0.768126235838 0.935727954525 2.53149724487 2.02219522478 0.1 4.81806734435
0.495143927582 1.06980671631 1.24385652155 0.768126235838 0.935727954525 2.54907132847 2.02219522478 0.208186369857 4.78544427372
0.495143927582 0.242633385923 1.10547033707 0.768126235838 0.935727954525 2.54907132847 2.02219522478 0.208186369857 4.90917239946
0.495143927582 1.06980671631 1.24385652155 0.768126235838 0.935727954525 2.54907132847 2.02219522478 0.208186369857 4.78133519615
1.28237635726 1.06980671631 1.24385652155 0.768126235838 0.935727954525 2.54907132847 2.02219522478 0.208186369857 4.79078854409
1.28237635726 1.06980671631 1.24385652155 0.768126235838 0.935727954525 2.54907132847 2.02219522478 0.208186369857 4.6389294486
1.28237635726 1.68884850475 1.24385652155 0.768126235838 0.935727954525 2.54907132847 2.02219522478 0.208186369857 4.76190945196
1.28237635726 1.06980671631 1.24385652155 0.768126235838 0.935727954525 2.54907132847 2.02219522478 0.208186369857 4.79370260399
0.495143927582 1.06980671631 1.24385652155 0.768126235838 0.935727954525 2.54907132847 2.02219522478 0.208186369857 4.97419139537
0.495143927582 0.242633385923 1.10547033707 0.768126235838 0.935727954525 2.53149724487 2.02219522478 0.1 4.90107827287
0.495143927582 1.06980671631 1.24385652155 0.768126235838 0.935727954525 2.54907132847 2.02219522478 0.208186369857 4.8469614951
1.28237635726 1.06980671631 1.24385652155 1.64762974409 0.935727954525 2.54907132847 2.02219522478 0.208186369857 4.98190271574
1.28237635726 1.06980671631 1.24385652155 0.768126235838 0.935727954525 2.54907132847 2.02219522478 0.208186369857 5.0516365884
1.28237635726 1.06980671631 1.24385652155 0.768126235838 0.935727954525 2.54907132847 2.02219522478 0.208186369857 4.92414197188
0.495143927582 1.06980671631 1.24385652155 0.768126235838 0.935727954525 2.54907132847 2.02219522478 0.208186369857 4.75115971624
0.495143927582 1.06980671631 1.24385652155 0.768126235838 0.935727954525 2.54907132847 2.02219522478 0.208186369857 4.90269644937
1.28237635726 1.06980671631 1.24385652155 0.768126235838 0.935727954525 2.54907132847 2.02219522478 0.208186369857 4.89476675117
0.495143927582 1.06980671631 1.24385652155 0.768126235838 0.935727954525 2.54907132847 2.02219522478 0.208186369857 4.97811465605
0.495143927582 1.06980671631 1.24385652155 0.768126235838 0.935727954525 2.54907132847 2.02219522478 0.208186369857 4.84952680459
1.28237635726 1.06980671631 1.24385652155 0.768126235838 0.935727954525 2.54907132847 2.02219522478 0.208186369857 5.07142346085
1.28237635726 1.06980671631 1.24385652155 0.768126235838 0.935727954525 2.54907132847 2.02219522478 0.208186369857 4.8507798687
0.495143927582 1.06980671631 1.24385652155 0.768126235838 0.935727954525 2.54907132847 2.02219522478 0.208186369857 5.04449915107
1.28237635726 1.06980671631 1.24385652155 0.768126235838 0.935727954525 2.54907132847 2.02219522478 0.208186369857 4.95157217349
1.28237635726 1.06980671631 1.24385652155 0.768126235838 0.935727954525 2.54907132847 2.02219522478 0.208186369857 4.77373085255
1.28237635726 1.06980671631 1.24385652155 0.768126235838 0.935727954525 2.54907132847 2.02219522478 0.208186369857 5.11675165378
1.28237635726 1.06980671631 0.1 0.768126235838 0.935727954525 3.0 2.02219522478 0.208186369857 4.82509743045
0.495143927582 1.06980671631 1.24385652155 0.768126235838 0.935727954525 2.54907132847 2.02219522478 0.208186369857 5.24778626277
1.28237635726 1.06980671631 1.24385652155 0.768126235838 0.935727954525 2.54907132847 2.02219522478 0.208186369857 4.8588691472
1.28237635726 1.06980671631 1.24385652155 0.768126235838 0.935727954525 2.54907132847 2.02219522478 0.208186369857 4.73318072277
0.495143927582 1.06980671631 1.24385652155 0.768126235838 0.935727954525 2.54907132847 2.02219522478 0.208186369857 4.94520719695
1.28237635726 1.06980671631 1.24385652155 0.768126235838 0.935727954525 2.54907132847 2.02219522478 0.208186369857 5.03503372725
1.28237635726 1.06980671631 1.24385652155 0.768126235838 0.935727954525 2.54907132847 2.02219522478 0.208186369857 5.01301234555
0.495143927582 1.06980671631 1.24385652155 0.768126235838 0.935727954525 2.54907132847 2.02219522478 0.208186369857 4.98466660764
1.28237635726 1.06980671631 1.24385652155 0.768126235838 0.935727954525 2.54907132847 2.02219522478 0.208186369857 5.04914157276
0.495143927582 1.06980671631 1.24385652155 0.768126235838 0.935727954525 2.54907132847 2.02219522478 0.208186369857 4.80160192125
0.495143927582 1.06980671631 1.24385652155 0.768126235838 0.935727954525 2.54907132847 2.02219522478 0.208186369857 5.00856076124
1.28237635726 1.06980671631 1.24385652155 0.768126235838 0.935727954525 3.0 2.02219522478 0.208186369857 5.04749783705
1.28237635726 1.06980671631 0.1 0.768126235838 0.935727954525 2.54907132847 2.02219522478 0.208186369857 4.60587171188
1.28237635726 1.06980671631 1.24385652155 0.768126235838 0.935727954525 2.54907132847 2.02219522478 0.208186369857 5.08736965266
0.495143927582 1.06980671631 1.24385652155 0.768126235838 0.935727954525 2.54907132847 2.02219522478 0.208186369857 4.53216101019
1.28237635726 1.06980671631 1.24385652155 0.768126235838 0.935727954525 2.54907132847 2.02219522478 0.208186369857 4.72798440071
0.495143927582 1.06980671631 1.24385652155 0.768126235838 0.935727954525 2.54907132847 1.56751764247 0.208186369857 4.74175364478
1.28237635726 1.06980671631 1.24385652155 0.768126235838 1.6548568199 2.54907132847 3.0 0.208186369857 4.89084439048
1.28237635726 1.06980671631 1.24385652155 0.768126235838 0.935727954525 2.54907132847 2.02219522478 0.208186369857 4.64252061402
1.28237635726 1.06980671631 1.24385652155 0.768126235838 0.935727954525 2.54907132847 1.9109758847 0.208186369857 4.92909125844
0.495143927582 1.06980671631 1.24385652155 0.768126235838 0.935727954525 2.54907132847 1.56751764247 0.208186369857 4.606439456
0.495143927582 1.06980671631 1.24385652155 0.768126235838 0.935727954525 2.54907132847 2.02219522478 0.208186369857 4.82819448898
1.28237635726 1.06980671631 0.1 0.768126235838 0.935727954525 2.54907132847 2.02219522478 0.208186369857 4.71987334739
0.495143927582 1.06980671631 1.24385652155 0.768126235838 0.935727954525 2.54907132847 1.56751764247 0.208186369857 4.63869801084
0.495143927582 0.5194651468 1.24385652155 0.768126235838 0.935727954525 2.54907132847 2.02219522478 0.208186369857 4.80931467028
1.28237635726 1.06980671631 1.24385652155 0.768126235838 0.935727954525 2.54907132847 2.02219522478 0.208186369857 4.87302346725
0.495143927582 1.06980671631 0.1 0.768126235838 0.935727954525 2.54907132847 2.02219522478 0.208186369857 4.93131481019
0.495143927582 1.06980671631 1.24385652155 0.768126235838 0.935727954525 2.54907132847 2.02219522478 0.208186369857 4.95906559711
1.28237635726 1.06980671631 1.24385652155 0.768126235838 0.935727954525 2.54907132847 2.02219522478 0.208186369857 4.92956113876
0.495143927582 1.06980671631 0.1 0.768126235838 0.935727954525 2.54907132847 2.02219522478 0.208186369857 5.09337779221
0.495143927582 1.06980671631 1.24385652155 0.768126235838 0.935727954525 2.54907132847 2.02219522478 0.208186369857 4.88068964078
1.28237635726 1.06980671631 0.1 0.768126235838 0.437949608771 2.54907132847 2.02219522478 0.208186369857 4.73025989179
1.28237635726 1.06980671631 1.24385652155 0.768126235838 0.935727954525 2.54907132847 2.02219522478 0.208186369857 5.05711543028
2.24702328083 1.06980671631 0.1 0.768126235838 0.935727954525 2.54907132847 2.02219522478 0.208186369857 4.73408886204
0.495143927582 1.06980671631 1.24385652155 0.768126235838 0.935727954525 2.54907132847 2.02219522478 0.208186369857 5.03844500236
1.28237635726 1.06980671631 0.1 0.768126235838 0.935727954525 2.54907132847 2.02219522478 0.208186369857 4.97684215255
1.28237635726 1.06980671631 1.24385652155 0.768126235838 0.935727954525 2.54907132847 2.02219522478 0.208186369857 4.44677828497
1.28237635726 1.06980671631 1.33792008186 0.768126235838 0.935727954525 2.54907132847 2.02219522478 0.208186369857 5.07460366204
1.28237635726 1.06980671631 1.24385652155 0.768126235838 0.935727954525 2.54907132847 2.02219522478 0.208186369857 4.95642759478
2.24702328083 1.06980671631 1.24385652155 0.768126235838 0.935727954525 2.54907132847 2.02219522478 0.208186369857 4.71238439263
1.28237635726 1.06980671631 0.1 0.768126235838 0.935727954525 2.54907132847 2.02219522478 0.208186369857 4.97143565952
1.28237635726 1.06980671631 1.24385652155 0.768126235838 0.935727954525 2.54907132847 2.02219522478 0.208186369857 4.84067407646
1.28237635726 1.06980671631 1.24385652155 0.768126235838 0.935727954525 2.54907132847 2.02219522478 0.208186369857 5.1039357239
1.28237635726 1.06980671631 1.33792008186 0.768126235838 0.935727954525 2.54907132847 2.02219522478 0.208186369857 4.95763352626
1.28237635726 1.06980671631 1.24385652155 0.768126235838 0.935727954525 2.54907132847 2.02219522478 0.208186369857 4.94969683879
2.24702328083 1.06980671631 0.1 0.768126235838 0.935727954525 2.54907132847 2.02219522478 0.208186369857 4.72154452423
1.28237635726 1.06980671631 1.24385652155 0.768126235838 0.935727954525 2.54907132847 2.02219522478 0.208186369857 5.03511156471
0.495143927582 1.06980671631 0.1 0.768126235838 0.935727954525 2.54907132847 2.02219522478 0.208186369857 4.95483448089
2.24702328083 1.06980671631 1.24385652155 0.768126235838 0.935727954525 2.54907132847 2.02219522478 0.208186369857 4.60695141442
1.28237635726 1.06980671631 0.1 0.768126235838 0.935727954525 2.54907132847 2.02219522478 0.208186369857 4.6153772026
2.24702328083 1.06980671631 1.66311529813 0.768126235838 0.935727954525 2.54907132847 2.02219522478 0.208186369857 4.66982884686
1.28237635726 1.06980671631 1.24385652155 0.768126235838 0.935727954525 2.54907132847 2.02219522478 0.208186369857 4.78303443624
0.495143927582 1.06980671631 0.1 0.768126235838 0.935727954525 2.54907132847 2.02219522478 0.208186369857 4.88187433899
0.495143927582 1.06980671631 0.1 0.768126235838 0.935727954525 2.54907132847 2.02219522478 0.208186369857 4.64311253721
1.28237635726 1.06980671631 1.24385652155 0.768126235838 0.935727954525 2.54907132847 2.02219522478 0.208186369857 4.68523509735
1.28237635726 1.06980671631 1.24385652155 0.768126235838 0.935727954525 2.54907132847 2.02219522478 0.208186369857 4.70293554781
1.28237635726 1.06980671631 1.33792008186 0.768126235838 0.935727954525 2.54907132847 2.02219522478 0.208186369857 5.00894142657
1.28237635726 1.06980671631 1.24385652155 0.768126235838 0.935727954525 2.54907132847 2.02219522478 0.208186369857 4.94266308122
1.28237635726 1.06980671631 0.93836918382 0.768126235838 0.935727954525 2.54907132847 2.02219522478 0.208186369857 4.85869543932
1.28237635726 1.06980671631 1.24385652155 0.768126235838 0.935727954525 2.54907132847 2.02219522478 0.208186369857 4.75812292586
1.28237635726 1.06980671631 1.24385652155 0.768126235838 0.935727954525 2.54907132847 2.02219522478 0.208186369857 4.77446619908
2.24702328083 1.06980671631 1.66311529813 0.768126235838 0.935727954525 2.54907132847 2.02219522478 0.208186369857 4.76054656727
1.28237635726 1.06980671631 1.33792008186 0.768126235838 0.935727954525 2.54907132847 2.02219522478 0.208186369857 4.59625382704
0.495143927582 1.06980671631 0.1 0.768126235838 0.935727954525 2.54907132847 2.02219522478 0.208186369857 4.73587094847
1.28237635726 1.06980671631 1.24385652155 0.768126235838 0.935727954525 2.54907132847 2.02219522478 0.208186369857 4.95606769077
1.28237635726 1.06980671631 1.24385652155 0.768126235838 0.935727954525 2.54907132847 2.02219522478 0.208186369857 4.95137642955
0.495143927582 1.06980671631 0.1 0.768126235838 0.935727954525 2.54907132847 2.02219522478 0.208186369857 4.52712152236
0.495143927582 1.06980671631 0.1 0.768126235838 0.935727954525 2.54907132847 2.02219522478 0.208186369857 4.92969067439
1.28237635726 1.06980671631 1.24385652155 0.768126235838 0.935727954525 2.54907132847 2.02219522478 0.208186369857 4.92314224549
1.28237635726 1.06980671631 1.24385652155 0.768126235838 0.935727954525 2.54907132847 2.02219522478 0.208186369857 5.08971912525
1.28237635726 1.06980671631 1.24385652155 0.768126235838 0.935727954525 2.54907132847 2.02219522478 0.208186369857 4.8672327434
0.495143927582 1.06980671631 0.1 0.768126235838 0.935727954525 2.54907132847 2.02219522478 0.208186369857 4.83029130354
1.28237635726 1.06980671631 1.24385652155 0.768126235838 0.935727954525 2.54907132847 2.02219522478 0.208186369857 4.6881271051
1.28237635726 1.06980671631 1.24385652155 0.768126235838 0.935727954525 2.54907132847 2.02219522478 0.208186369857 5.2837712859
1.28237635726 1.06980671631 1.33792008186 0.768126235838 0.935727954525 2.54907132847 2.02219522478 0.208186369857 5.16067845111
2.31425027702 1.06980671631 1.24385652155 0.768126235838 0.935727954525 2.54907132847 2.02219522478 0.208186369857 4.63090421022
0.495143927582 1.06980671631 0.1 0.768126235838 0.935727954525 2.54907132847 2.02219522478 0.208186369857 4.81502746489
1.28237635726 1.06980671631 1.24385652155 0.768126235838 0.935727954525 2.54907132847 2.02219522478 0.208186369857 4.88014948235
1.28237635726 1.06980671631 1.24385652155 0.768126235838 0.935727954525 2.54907132847 2.02219522478 0.208186369857 4.91132519039
1.28237635726 1.06980671631 0.1 0.768126235838 0.1 2.54907132847 2.02219522478 0.208186369857 4.78600384183
0.495143927582 1.06980671631 1.24385652155 0.768126235838 0.935727954525 2.54907132847 2.02219522478 0.208186369857 4.88521295554
1.28237635726 1.06980671631 0.691013749816 0.768126235838 0.935727954525 2.54907132847 2.02219522478 0.208186369857 4.63848188701
1.28237635726 1.06980671631 1.24385652155 0.768126235838 0.935727954525 2.54907132847 2.02219522478 0.208186369857 4.73631185086
1.28237635726 1.06980671631 1.24385652155 0.768126235838 0.935727954525 2.84571302247 2.02219522478 0.208186369857 4.78699003505
1.28237635726 1.06980671631 1.24385652155 0.1 0.935727954525 2.54907132847 2.02219522478 0.208186369857 4.94703139717
1.28237635726 1.06980671631 1.24385652155 0.768126235838 0.935727954525 2.54907132847 2.02219522478 0.208186369857 4.9156925684
1.28237635726 1.06980671631 1.24385652155 0.768126235838 0.935727954525 2.54907132847 2.02219522478 0.208186369857 4.60330739789
1.28237635726 1.06980671631 1.33792008186 0.768126235838 0.935727954525 2.54907132847 2.02219522478 0.208186369857 4.94325614868
1.28237635726 1.06980671631 1.33792008186 0.768126235838 0.935727954525 2.54907132847 2.02219522478 0.208186369857 4.82477853221
1.28237635726 1.06980671631 1.24385652155 0.768126235838 0.935727954525 2.54907132847 2.02219522478 0.208186369857 4.83396334547
1.28237635726 1.06980671631 1.33792008186 0.768126235838 0.935727954525 2.54907132847 2.02219522478 0.208186369857 5.01006715706
1.28237635726 1.06980671631 1.24385652155 0.768126235838 0.935727954525 2.54907132847 2.02219522478 0.208186369857 4.88116148398
1.28237635726 1.06980671631 1.24385652155 1.18108163975 0.935727954525 2.54907132847 2.02219522478 0.208186369857 4.74641217252
1.28237635726 1.06980671631 1.33792008186 0.768126235838 0.935727954525 2.54907132847 2.02219522478 0.208186369857 4.99359502441
1.28237635726 1.06980671631 0.691013749816 0.768126235838 0.935727954525 2.54907132847 2.02219522478 0.208186369857 4.53731328765
1.72790252702 1.06980671631 1.24385652155 0.768126235838 0.935727954525 2.54907132847 2.02219522478 0.208186369857 4.79563746662
1.28237635726 1.06980671631 0.1 0.768126235838 0.1 2.54907132847 2.02219522478 0.208186369857 4.92854132689
1.28237635726 1.06980671631 1.33792008186 0.768126235838 0.935727954525 2.54907132847 2.02219522478 0.208186369857 4.76563272412
1.28237635726 1.06980671631 0.691013749816 0.768126235838 0.935727954525 2.54907132847 2.02219522478 0.208186369857 4.55013013246
1.72790252702 1.06980671631 1.24385652155 0.768126235838 0.935727954525 2.54907132847 2.02219522478 0.208186369857 4.95220867844
1.28237635726 1.06980671631 0.1 0.768126235838 0.1 2.54907132847 2.02219522478 0.208186369857 4.69316905823
1.28237635726 1.06980671631 1.24385652155 0.768126235838 0.935727954525 2.54907132847 2.02219522478 0.208186369857 4.97436861639
1.28237635726 1.06980671631 1.33792008186 0.768126235838 0.935727954525 2.54907132847 2.02219522478 0.208186369857 4.69285424144
1.28237635726 1.06980671631 1.24385652155 0.768126235838 0.1 2.54907132847 2.02219522478 0.208186369857 4.83439835248
1.28237635726 1.06980671631 0.1 0.768126235838 0.935727954525 2.54907132847 2.02219522478 0.208186369857 4.63077473247
1.28237635726 1.06980671631 0.1 0.768126235838 0.1 2.54907132847 2.02219522478 0.208186369857 4.69605854307
1.28237635726 1.06980671631 1.33792008186 0.768126235838 0.935727954525 2.54907132847 2.02219522478 0.208186369857 4.8332255044
1.72790252702 1.06980671631 1.24385652155 0.768126235838 0.935727954525 2.54907132847 2.02219522478 0.208186369857 4.93609508107
1.28237635726 1.06980671631 1.33792008186 0.768126235838 0.935727954525 2.54907132847 2.02219522478 0.208186369857 4.87752141681
1.28237635726 1.06980671631 1.24385652155 0.768126235838 0.935727954525 2.54907132847 2.02219522478 0.208186369857 4.79818738032
1.28237635726 1.06980671631 0.1 0.768126235838 0.1 2.54907132847 2.02219522478 0.208186369857 4.43477503577
1.28237635726 1.06980671631 1.33792008186 0.768126235838 0.1 2.54907132847 2.02219522478 0.208186369857 4.78170325796
0.1 1.06980671631 0.1 0.768126235838 1.93146521346 2.54907132847 2.02219522478 0.208186369857 4.76847344618
1.28237635726 1.06980671631 1.33792008186 0.768126235838 0.935727954525 2.54907132847 2.02219522478 0.208186369857 4.85293863046
1.72790252702 1.06980671631 1.24385652155 0.768126235838 0.935727954525 2.54907132847 2.02219522478 0.208186369857 4.76719786663
1.28237635726 1.06980671631 0.1 0.768126235838 0.1 2.54907132847 2.02219522478 0.208186369857 4.8764728398
1.28237635726 1.06980671631 1.33792008186 0.768126235838 0.935727954525 2.54907132847 2.02219522478 0.208186369857 4.73353846206
1.28237635726 1.06980671631 1.24385652155 0.768126235838 0.935727954525 2.54907132847 2.02219522478 0.208186369857 4.89088352286
1.72790252702 1.06980671631 1.24385652155 0.768126235838 0.935727954525 2.54907132847 2.02219522478 0.208186369857 4.84259566384
1.28237635726 1.06980671631 1.33792008186 0.768126235838 0.935727954525 2.54907132847 2.02219522478 0.208186369857 4.90189141649
1.28237635726 1.06980671631 1.33792008186 0.768126235838 0.935727954525 2.54907132847 2.02219522478 0.208186369857 4.79914066479
1.28237635726 1.06980671631 1.33792008186 0.768126235838 0.935727954525 2.54907132847 2.02219522478 0.208186369857 4.97039945515
1.28237635726 1.06980671631 1.33792008186 0.768126235838 0.935727954525 2.54907132847 2.02219522478 0.208186369857 5.07915766502
1.28237635726 1.06980671631 1.24385652155 0.768126235838 0.935727954525 2.54907132847 2.02219522478 0.208186369857 4.95560389249
1.72790252702 1.06980671631 1.33792008186 0.768126235838 0.935727954525 2.54907132847 2.02219522478 0.208186369857 5.09065692744
1.28237635726 1.06980671631 1.33792008186 0.768126235838 0.935727954525 2.54907132847 2.02219522478 0.208186369857 4.885677006
1.28237635726 1.06980671631 1.24385652155 0.768126235838 0.935727954525 2.54907132847 2.02219522478 0.208186369857 4.78408501701
1.28237635726 1.06980671631 1.24385652155 0.768126235838 0.935727954525 2.54907132847 2.02219522478 0.208186369857 5.05866550862
1.28237635726 1.06980671631 1.33792008186 0.768126235838 0.1 2.54907132847 2.02219522478 0.208186369857 5.0277736372
1.28237635726 1.06980671631 1.33792008186 0.768126235838 0.935727954525 2.54907132847 2.02219522478 0.208186369857 4.97633324974
1.72790252702 1.06980671631 1.24385652155 0.768126235838 0.935727954525 2.54907132847 2.02219522478 0.208186369857 4.87969641934
1.28237635726 1.06980671631 1.33792008186 0.768126235838 0.935727954525 2.54907132847 2.02219522478 0.208186369857 5.04969002644
1.28237635726 1.06980671631 1.24385652155 0.768126235838 0.935727954525 2.54907132847 2.02219522478 0.208186369857 4.79324173308
1.28237635726 1.06980671631 1.33792008186 0.768126235838 0.935727954525 2.54907132847 2.02219522478 0.208186369857 5.16934017604
1.28237635726 1.06980671631 1.33792008186 0.768126235838 0.935727954525 2.54907132847 2.02219522478 0.208186369857 4.54543374589
1.28237635726 1.06980671631 1.24385652155 0.768126235838 0.935727954525 2.54907132847 2.02219522478 0.208186369857 5.01222688501
1.28237635726 1.06980671631 1.33792008186 0.768126235838 0.935727954525 2.54907132847 2.02219522478 0.208186369857 4.64568151624
1.28237635726 1.06980671631 1.33792008186 0.768126235838 0.935727954525 2.54907132847 2.02219522478 0.208186369857 4.99763930458
1.28237635726 1.06980671631 1.33792008186 0.768126235838 0.935727954525 2.54907132847 2.02219522478 0.208186369857 4.81841685141
1.28237635726 1.06980671631 1.33792008186 0.768126235838 0.935727954525 2.54907132847 2.02219522478 0.208186369857 5.02097350551
1.28237635726 1.06980671631 1.24385652155 0.768126235838 0.935727954525 2.54907132847 2.02219522478 0.208186369857 4.72176234365
1.28237635726 1.06980671631 1.33792008186 0.768126235838 0.935727954525 2.54907132847 2.02219522478 0.208186369857 5.03381234877
1.28237635726 1.06980671631 1.24385652155 0.768126235838 0.935727954525 2.54907132847 2.02219522478 0.208186369857 4.8372144001
1.28237635726 1.06980671631 1.33792008186 0.768126235838 0.935727954525 2.54907132847 2.02219522478 0.208186369857 4.92326081854
1.28237635726 1.06980671631 1.33792008186 0.768126235838 0.935727954525 2.54907132847 2.02219522478 0.208186369857 5.39260344495
1.28237635726 1.06980671631 1.33792008186 0.768126235838 0.935727954525 2.54907132847 2.02219522478 0.208186369857 4.7869449815
1.28237635726 1.06980671631 1.33792008186 0.768126235838 0.935727954525 2.54907132847 2.02219522478 0.208186369857 4.92214748184
1.72790252702 1.06980671631 1.24385652155 0.768126235838 0.935727954525 2.54907132847 2.02219522478 0.208186369857 5.11665790171
1.28237635726 1.06980671631 1.24385652155 0.768126235838 0.935727954525 2.54907132847 2.02219522478 0.208186369857 4.81519752043
1.28237635726 1.06980671631 1.24385652155 0.768126235838 0.935727954525 2.54907132847 2.02219522478 0.208186369857 4.756388828
1.28237635726 1.06980671631 1.33792008186 0.768126235838 0.935727954525 2.54907132847 2.02219522478 0.208186369857 4.89518005193
1.28237635726 1.06980671631 1.61658902371 0.768126235838 0.935727954525 2.54907132847 2.02219522478 0.208186369857 5.01329429732
1.28237635726 1.06980671631 1.33792008186 0.768126235838 0.935727954525 3.0 2.02219522478 0.208186369857 4.76332604654
1.28237635726 1.06980671631 1.24385652155 0.768126235838 0.935727954525 2.54907132847 2.02219522478 0.208186369857 4.81624989145
1.72790252702 1.06980671631 1.24385652155 0.1 0.935727954525 2.54907132847 2.02219522478 0.208186369857 4.64251225827
1.72790252702 1.06980671631 1.24385652155 0.768126235838 0.935727954525 2.54907132847 2.02219522478 0.208186369857 4.80459986558
1.28237635726 1.06980671631 1.24385652155 0.768126235838 0.935727954525 2.54907132847 2.02219522478 0.208186369857 4.86690583945
1.28237635726 1.06980671631 1.33792008186 0.768126235838 0.935727954525 2.54907132847 2.02219522478 0.208186369857 5.01469407005
1.28237635726 1.06980671631 1.33792008186 0.768126235838 0.935727954525 2.54907132847 2.02219522478 0.208186369857 4.81894259371
1.28237635726 1.06980671631 1.24385652155 0.768126235838 0.935727954525 2.54907132847 2.02219522478 0.208186369857 4.86446590702
1.28237635726 1.06980671631 1.33792008186 0.768126235838 0.935727954525 2.54907132847 2.02219522478 0.208186369857 4.91800903574
1.28237635726 1.06980671631 1.24385652155 1.95256632383 0.935727954525 3.0 2.02219522478 0.208186369857 4.53691937525
1.28237635726 1.06980671631 1.33792008186 0.768126235838 0.935727954525 2.54907132847 2.02219522478 0.208186369857 4.75970377567
1.28237635726 1.06980671631 1.24385652155 0.768126235838 0.935727954525 2.54907132847 2.02219522478 0.208186369857 5.01369002225
1.28237635726 1.06980671631 1.24385652155 0.768126235838 0.935727954525 2.54907132847 2.02219522478 0.208186369857 5.06885068579
1.28237635726 1.06980671631 1.33792008186 0.768126235838 0.935727954525 2.54907132847 2.02219522478 0.208186369857 5.04341987172
1.28237635726 1.06980671631 1.24385652155 0.768126235838 0.477245658028 2.54907132847 2.02219522478 0.208186369857 5.18387418279
1.72790252702 1.06980671631 1.24385652155 0.768126235838 0.935727954525 2.54907132847 2.02219522478 0.208186369857 4.97424038453
1.28237635726 1.06980671631 1.92595424566 0.768126235838 0.935727954525 2.54907132847 2.02219522478 0.208186369857 5.1073902308
1.28237635726 1.06980671631 1.24385652155 0.768126235838 0.477245658028 2.54907132847 2.02219522478 0.208186369857 4.63084334821
1.28237635726 1.06980671631 1.33792008186 0.768126235838 0.935727954525 2.54907132847 2.02219522478 0.208186369857 5.00323240395
1.72790252702 1.06980671631 1.24385652155 0.768126235838 0.935727954525 2.54907132847 2.02219522478 0.208186369857 4.78110871597
1.28237635726 0.1 1.33792008186 0.768126235838 0.935727954525 2.54907132847 2.02219522478 0.208186369857 5.12388655463
1.28237635726 1.06980671631 1.33792008186 0.768126235838 0.935727954525 2.54907132847 2.02219522478 0.208186369857 4.98388434519
1.28237635726 1.06980671631 1.24385652155 0.768126235838 0.935727954525 2.54907132847 2.02219522478 0.208186369857 5.13349363537
1.28237635726 1.06980671631 1.92595424566 0.768126235838 0.935727954525 2.54907132847 2.02219522478 0.208186369857 4.56267630447
1.28237635726 1.06980671631 1.24385652155 0.768126235838 0.935727954525 2.54907132847 2.02219522478 0.208186369857 4.7465738768
1.28237635726 1.06980671631 1.33792008186 0.768126235838 0.935727954525 2.54907132847 2.02219522478 0.208186369857 4.86520999599
0.923983795381 1.06980671631 1.33792008186 0.768126235838 0.935727954525 2.54907132847 2.02219522478 0.208186369857 5.04207488767
1.28237635726 1.06980671631 1.33792008186 0.768126235838 0.935727954525 2.54907132847 2.02219522478 0.208186369857 4.94491709876
1.28237635726 1.06980671631 1.33792008186 0.768126235838 0.935727954525 2.54907132847 2.02219522478 0.208186369857 4.82492421647
1.28237635726 1.06980671631 1.33792008186 0.768126235838 0.935727954525 2.54907132847 2.02219522478 0.208186369857 4.89146848182
0.923983795381 1.06980671631 1.33792008186 0.768126235838 0.935727954525 2.54907132847 2.02219522478 0.208186369857 4.68481486908
1.28237635726 0.1 1.33792008186 0.768126235838 0.935727954525 2.54907132847 2.02219522478 0.208186369857 4.77637202144
1.28237635726 1.06980671631 1.24385652155 0.768126235838 0.935727954525 2.54907132847 2.02219522478 0.208186369857 4.83735795668
1.28237635726 1.06980671631 1.33792008186 0.768126235838 0.935727954525 2.54907132847 2.02219522478 0.208186369857 4.93099971943
1.28237635726 1.06980671631 1.24385652155 0.768126235838 0.935727954525 2.54907132847 2.02219522478 1.1476137761 5.34820811044
1.28237635726 1.06980671631 1.33792008186 0.768126235838 0.935727954525 2.54907132847 2.02219522478 0.208186369857 4.83008608665
1.28237635726 1.06980671631 1.33792008186 0.768126235838 0.935727954525 2.54907132847 2.02219522478 0.208186369857 4.74054118115
1.28237635726 1.06980671631 1.33792008186 0.768126235838 0.935727954525 2.54907132847 2.02219522478 1.1476137761 4.91835549185
1.28237635726 1.06980671631 1.24385652155 0.768126235838 0.935727954525 2.54907132847 2.02219522478 0.208186369857 5.00999208393
1.28237635726 0.1 1.33792008186 0.768126235838 0.935727954525 2.54907132847 2.02219522478 0.208186369857 4.66751758126
1.28237635726 1.06980671631 1.33792008186 0.768126235838 0.935727954525 2.54907132847 2.02219522478 0.208186369857 5.04814319678
1.28237635726 1.06980671631 1.24385652155 0.768126235838 0.935727954525 2.54907132847 2.02219522478 1.49594162223 4.65408723006
1.28237635726 1.06980671631 1.33792008186 0.768126235838 0.935727954525 2.54907132847 2.02219522478 1.1476137761 4.58636402748
1.28237635726 1.06980671631 1.33792008186 0.768126235838 0.935727954525 2.54907132847 2.02219522478 0.208186369857 4.98792405571
1.28237635726 0.503195716668 1.33792008186 0.768126235838 0.935727954525 2.54907132847 2.02219522478 0.208186369857 4.93243077675
1.28237635726 1.06980671631 1.33792008186 0.768126235838 0.935727954525 2.54907132847 2.02219522478 0.208186369857 4.48333896891
1.28237635726 1.06980671631 1.33792008186 0.768126235838 0.935727954525 2.54907132847 2.02219522478 0.208186369857 4.79182762851
1.28237635726 1.06980671631 1.24385652155 0.768126235838 0.935727954525 2.54907132847 2.02219522478 0.1 4.84372836758
1.28237635726 0.1 1.33792008186 0.768126235838 0.935727954525 2.54907132847 2.02219522478 0.208186369857 5.08758406409
1.28237635726 1.06980671631 1.33792008186 0.768126235838 0.935727954525 2.54907132847 2.02219522478 0.208186369857 4.87602222706
1.28237635726 0.1 1.33792008186 0.768126235838 0.935727954525 2.54907132847 2.02219522478 1.1476137761 4.81575918289
1.28237635726 1.06980671631 1.24385652155 0.768126235838 0.935727954525 2.54907132847 2.02219522478 0.208186369857 5.03839585576
1.28237635726 1.06980671631 1.33792008186 0.768126235838 0.935727954525 0.734844746912 2.02219522478 0.208186369857 4.80651249677
1.28237635726 1.06980671631 1.24385652155 0.768126235838 0.935727954525 2.54907132847 2.02219522478 0.208186369857 5.07377963971
1.28237635726 0.503195716668 1.33792008186 0.768126235838 0.935727954525 2.54907132847 2.02219522478 0.208186369857 4.77904826137
1.28237635726 1.06980671631 1.33792008186 0.768126235838 0.935727954525 2.54907132847 2.02219522478 1.87161467717 4.94766085403
1.28237635726 1.06980671631 1.24385652155 0.768126235838 0.935727954525 2.54907132847 2.02219522478 1.1476137761 4.96284234137
1.28237635726 1.06980671631 1.24385652155 0.768126235838 0.935727954525 2.54907132847 2.02219522478 1.87161467717 5.00555342363
1.28237635726 1.06980671631 1.33792008186 0.768126235838 0.935727954525 2.54907132847 2.02219522478 0.208186369857 4.85004613838
1.28237635726 1.06980671631 1.33792008186 0.768126235838 0.935727954525 0.734844746912 2.02219522478 0.208186369857 5.07100425068
1.28237635726 0.1 2.14770828766 0.768126235838 0.935727954525 2.54907132847 2.02219522478 0.208186369857 4.72255996684
1.28237635726 0.1 1.33792008186 0.768126235838 0.935727954525 2.54907132847 2.02219522478 0.208186369857 4.79917952239
1.28237635726 1.06980671631 1.24385652155 0.768126235838 0.935727954525 2.54907132847 2.02219522478 1.1476137761 4.88050769108
1.28237635726 1.06980671631 1.33792008186 0.768126235838 0.935727954525 2.54907132847 2.02219522478 0.208186369857 4.98691176065
1.28237635726 1.06980671631 1.33792008186 0.768126235838 0.935727954525 2.54907132847 2.02219522478 0.208186369857 4.76609076439
1.28237635726 0.1 1.33792008186 0.768126235838 0.935727954525 2.54907132847 2.02219522478 1.1476137761 4.93206881906
2.62903994826 0.1 1.33792008186 0.768126235838 0.935727954525 2.54907132847 2.02219522478 0.208186369857 4.63190060903
1.28237635726 1.06980671631 1.24385652155 0.768126235838 0.935727954525 2.54907132847 2.02219522478 0.1 4.91519788163
0.238061420948 0.1 1.33792008186 0.768126235838 0.935727954525 2.54907132847 2.02219522478 1.87161467717 4.80461791569
1.28237635726 1.06980671631 0.691882073264 0.768126235838 0.935727954525 2.54907132847 2.02219522478 0.208186369857 4.70522515188
1.28237635726 1.06980671631 1.33792008186 0.768126235838 0.935727954525 2.54907132847 2.02219522478 0.208186369857 4.98365987831
1.28237635726 1.06980671631 1.33792008186 0.768126235838 0.935727954525 0.734844746912 2.02219522478 0.208186369857 4.9855679157
1.28237635726 0.1 1.33792008186 0.768126235838 0.935727954525 2.54907132847 2.02219522478 0.208186369857 4.97533380524
1.28237635726 0.1 1.33792008186 0.768126235838 0.935727954525 2.54907132847 2.02219522478 1.1476137761 4.80598443828
1.28237635726 0.1 1.33792008186 0.768126235838 0.935727954525 2.54907132847 2.02219522478 0.208186369857 4.88278240826
1.28237635726 1.06980671631 1.33792008186 0.768126235838 0.935727954525 2.54907132847 2.02219522478 0.208186369857 5.01907788522
1.28237635726 1.06980671631 1.33792008186 0.768126235838 0.677968760053 0.734844746912 2.02219522478 0.208186369857 5.19716824688
1.28237635726 1.06980671631 1.33792008186 0.768126235838 0.935727954525 2.54907132847 2.02219522478 0.208186369857 4.99047102806
1.28237635726 1.06980671631 1.33792008186 0.768126235838 0.484379842264 2.54907132847 2.02219522478 0.208186369857 4.79138067224
1.28237635726 1.06980671631 1.33792008186 0.768126235838 0.944002024564 2.54907132847 2.02219522478 0.1 5.11438657824
1.28237635726 1.06980671631 1.24385652155 0.768126235838 0.935727954525 0.734844746912 2.02219522478 0.208186369857 5.10926173038
1.28237635726 1.06980671631 1.33792008186 0.1 0.935727954525 2.54907132847 2.02219522478 0.208186369857 4.7880952512
1.28237635726 0.1 1.33792008186 0.768126235838 0.935727954525 2.54907132847 2.02219522478 0.208186369857 4.96197204903
1.28237635726 1.06980671631 1.33792008186 0.768126235838 0.935727954525 0.734844746912 2.02219522478 0.208186369857 4.85690005837
1.28237635726 1.06980671631 1.33792008186 0.768126235838 0.935727954525 2.54907132847 2.02219522478 0.208186369857 5.01046966374
1.28237635726 0.1 1.33792008186 0.768126235838 0.677968760053 0.734844746912 2.02219522478 0.208186369857 5.06353293616
1.28237635726 1.06980671631 1.33792008186 0.768126235838 0.935727954525 2.54907132847 2.02219522478 0.208186369857 5.00491345502
1.28237635726 0.1 1.33792008186 0.768126235838 0.935727954525 2.54907132847 2.02219522478 0.208186369857 4.93672650913
1.28237635726 1.06980671631 1.33792008186 0.768126235838 0.935727954525 2.54907132847 2.02219522478 0.208186369857 4.93524489198
1.28237635726 1.06980671631 1.33792008186 0.768126235838 0.944002024564 2.54907132847 2.02219522478 0.208186369857 4.71120154582
1.28237635726 1.06980671631 1.33792008186 0.768126235838 0.935727954525 2.54907132847 2.02219522478 0.1 4.81318991306
1.28237635726 1.06980671631 1.24385652155 0.768126235838 0.162805410227 0.734844746912 2.02219522478 0.208186369857 5.15133483687
1.28237635726 1.06980671631 1.33792008186 0.768126235838 0.935727954525 2.54907132847 1.30374978582 0.208186369857 4.98340233684
1.28237635726 1.06980671631 1.33792008186 0.768126235838 0.944002024564 2.54907132847 2.02219522478 0.208186369857 4.75929510828
1.28237635726 1.06980671631 1.33792008186 0.768126235838 0.935727954525 2.54907132847 2.02219522478 0.1 4.91364232366
1.28237635726 1.06980671631 1.33792008186 0.768126235838 0.935727954525 2.54907132847 2.02219522478 0.208186369857 4.98191904976
1.28237635726 1.06980671631 1.33792008186 0.768126235838 0.944002024564 2.54907132847 2.02219522478 0.1 5.11535088548
1.28237635726 1.06980671631 1.33792008186 0.768126235838 0.935727954525 2.54907132847 2.02219522478 0.208186369857 4.60210892731
1.28237635726 0.1 1.33792008186 0.768126235838 0.935727954525 2.54907132847 2.02219522478 0.1 5.0244515538
1.28237635726 1.06980671631 1.33792008186 0.768126235838 0.935727954525 2.54907132847 2.02219522478 0.208186369857 4.94213545419
1.28237635726 0.1 1.33792008186 0.768126235838 0.935727954525 2.54907132847 2.02219522478 0.1 4.82765284739
1.28237635726 1.06980671631 1.33792008186 0.768126235838 0.935727954525 2.54907132847 1.30374978582 0.208186369857 4.91254894135
1.28237635726 1.06980671631 1.33792008186 0.768126235838 0.935727954525 2.54907132847 2.02219522478 0.1 5.10702017269
1.28237635726 0.1 1.33792008186 0.768126235838 0.935727954525 2.54907132847 1.30374978582 0.208186369857 4.69665526282
1.28237635726 1.06980671631 1.33792008186 0.768126235838 0.935727954525 2.54907132847 2.02219522478 0.651869422491 5.03322293815
1.28237635726 1.06980671631 1.33792008186 0.768126235838 0.944002024564 2.54907132847 2.02219522478 0.208186369857 4.65830479966
1.28237635726 1.06980671631 1.33792008186 0.768126235838 0.935727954525 2.54907132847 2.02219522478 0.1 5.05659150572
1.28237635726 1.06980671631 1.33792008186 0.768126235838 0.935727954525 2.54907132847 2.02219522478 0.1 4.8935357053
1.28237635726 1.06980671631 1.33792008186 0.768126235838 0.935727954525 2.54907132847 2.02219522478 0.1 5.18064872678
1.28237635726 1.06980671631 1.33792008186 0.768126235838 0.935727954525 2.54907132847 1.30374978582 0.208186369857 4.47051581527
1.28237635726 1.06980671631 1.33792008186 0.768126235838 0.935727954525 2.54907132847 2.02219522478 0.1 4.75494391229
1.28237635726 1.06980671631 1.33792008186 0.768126235838 0.935727954525 2.54907132847 1.30374978582 0.208186369857 4.70061695112
1.28237635726 1.06980671631 1.33792008186 0.768126235838 0.935727954525 2.54907132847 2.02219522478 0.651869422491 4.69205762039
1.28237635726 1.06980671631 1.33792008186 0.768126235838 0.935727954525 2.54907132847 2.02219522478 0.1 4.85607288438
1.28237635726 0.1 1.33792008186 0.768126235838 0.935727954525 2.54907132847 2.02219522478 0.1 5.19165146383
1.28237635726 0.1 1.33792008186 0.768126235838 0.935727954525 2.54907132847 2.02219522478 0.1 5.08339286972
1.28237635726 0.1 1.33792008186 0.768126235838 0.935727954525 2.54907132847 2.02219522478 0.1 4.83916137131
1.28237635726 1.06980671631 1.33792008186 0.768126235838 0.935727954525 2.54907132847 2.02219522478 0.1 4.67656596202
1.28237635726 0.1 1.33792008186 0.768126235838 0.935727954525 2.54907132847 1.30374978582 0.208186369857 4.87487452468
1.28237635726 0.1 1.33792008186 0.768126235838 0.935727954525 2.54907132847 2.02219522478 0.1 5.08897576053
1.28237635726 1.06980671631 1.33792008186 0.768126235838 0.935727954525 2.54907132847 2.02219522478 0.1 4.92842578153
1.28237635726 1.06980671631 1.33792008186 0.768126235838 0.935727954525 2.54907132847 2.02219522478 0.516280838886 5.22729043445
1.28237635726 1.06980671631 1.33792008186 0.768126235838 0.935727954525 2.54907132847 2.02219522478 0.1 4.84281079282
1.28237635726 1.06980671631 1.33792008186 0.768126235838 0.935727954525 2.54907132847 2.02219522478 0.1 4.72428421622
1.28237635726 0.1 1.33792008186 0.768126235838 0.935727954525 2.54907132847 2.02219522478 0.1 4.87137485851
1.28237635726 1.06980671631 1.33792008186 0.768126235838 0.935727954525 2.54907132847 2.30406155703 0.1 4.70708365635
1.28237635726 1.06980671631 1.33792008186 0.768126235838 0.935727954525 2.54907132847 2.02219522478 0.1 5.07470833218
1.28237635726 1.06980671631 1.33792008186 0.768126235838 0.935727954525 2.54907132847 2.02219522478 0.1 4.68343166854
1.28237635726 1.06980671631 1.33792008186 0.768126235838 0.935727954525 2.54907132847 2.02219522478 0.208186369857 4.92203611892
1.28237635726 0.1 1.33792008186 0.768126235838 0.935727954525 2.54907132847 2.02219522478 0.1 4.94468877422
1.28237635726 1.06980671631 1.33792008186 0.768126235838 0.935727954525 2.54907132847 2.02219522478 2.42557716411 4.81479022856
1.28237635726 0.1 1.33792008186 0.768126235838 0.935727954525 2.54907132847 2.02219522478 0.1 4.91629566106
1.28237635726 1.06980671631 1.33792008186 0.768126235838 0.935727954525 2.54907132847 1.30374978582 0.208186369857 4.88690623459
1.28237635726 1.06980671631 1.33792008186 0.768126235838 0.935727954525 2.54907132847 2.02219522478 0.516280838886 5.00035377845
1.28237635726 1.06980671631 1.33792008186 0.768126235838 0.935727954525 2.54907132847 2.02219522478 0.1 4.65899737692
1.28237635726 0.789917936564 1.33792008186 0.768126235838 0.935727954525 2.54907132847 2.02219522478 0.1 4.92579715388
1.28237635726 1.06980671631 1.33792008186 0.768126235838 0.935727954525 2.54907132847 2.02219522478 0.516280838886 4.86612686976
1.28237635726 1.06980671631 1.33792008186 0.768126235838 0.935727954525 2.54907132847 2.02219522478 0.208186369857 4.78093806636
1.28237635726 1.06980671631 1.33792008186 2.54855928217 0.935727954525 2.54907132847 2.02219522478 0.208186369857 4.70979963902
1.28237635726 1.06980671631 1.33792008186 0.768126235838 0.935727954525 2.54907132847 2.02219522478 0.208186369857 4.71023504544
1.28237635726 1.06980671631 1.33792008186 0.768126235838 0.935727954525 2.54907132847 2.02219522478 0.208186369857 4.89164444923
1.28237635726 1.06980671631 1.33792008186 0.768126235838 0.935727954525 2.54907132847 2.02219522478 0.516280838886 4.9046976398
1.28237635726 1.06980671631 1.33792008186 0.768126235838 0.935727954525 2.54907132847 2.02219522478 0.516280838886 4.88004731373
1.28237635726 1.06980671631 1.33792008186 0.768126235838 0.935727954525 2.54907132847 1.30374978582 0.208186369857 4.88071681295
1.28237635726 1.06980671631 1.33792008186 0.768126235838 0.935727954525 2.54907132847 2.02219522478 2.42557716411 5.05819339249
1.28237635726 1.06980671631 1.33792008186 0.768126235838 0.935727954525 2.54907132847 1.30374978582 0.208186369857 4.76150447865
1.28237635726 1.06980671631 1.33792008186 0.768126235838 0.935727954525 2.54907132847 2.02219522478 0.208186369857 4.71826976293
1.28237635726 1.40490693299 1.33792008186 0.768126235838 0.935727954525 2.54907132847 2.02219522478 0.1 4.71696529268
1.28237635726 1.06980671631 1.33792008186 0.768126235838 0.935727954525 2.54907132847 1.30374978582 0.208186369857 4.60666118205
1.28237635726 1.06980671631 1.33792008186 0.768126235838 0.935727954525 2.54907132847 1.30374978582 0.208186369857 4.99973939582
1.28237635726 0.1 1.33792008186 0.768126235838 0.935727954525 2.54907132847 2.02219522478 0.208186369857 4.97801909511
1.28237635726 1.06980671631 1.33792008186 0.768126235838 0.935727954525 2.54907132847 2.02219522478 0.208186369857 4.99591420616
1.28237635726 1.06980671631 1.74216535814 0.768126235838 0.935727954525 2.54907132847 2.02219522478 0.516280838886 4.72170474887
1.28237635726 1.06980671631 1.33792008186 0.768126235838 0.935727954525 2.54907132847 1.30374978582 0.208186369857 4.8945991355
1.28237635726 1.06980671631 1.33792008186 0.768126235838 0.935727954525 2.54907132847 1.30374978582 0.208186369857 4.73787901276
1.28237635726 1.06980671631 1.33792008186 0.768126235838 0.935727954525 2.54907132847 2.02219522478 0.516280838886 4.88079212361
1.28237635726 1.06980671631 2.0104514863 0.768126235838 0.935727954525 2.54907132847 2.02219522478 0.516280838886 4.47951239318
1.28237635726 0.1 1.33792008186 0.768126235838 0.935727954525 2.54907132847 2.02219522478 0.516280838886 4.74133360033
1.28237635726 1.06980671631 1.74216535814 0.768126235838 0.935727954525 2.54907132847 2.02219522478 0.208186369857 4.93037136522
1.28237635726 1.06980671631 1.33792008186 0.768126235838 0.935727954525 2.54907132847 2.02219522478 0.208186369857 5.09822040381
1.28237635726 0.1 1.33792008186 0.768126235838 0.935727954525 2.54907132847 2.02219522478 0.516280838886 4.78433238909
1.28237635726 1.06980671631 1.33792008186 0.768126235838 0.935727954525 2.54907132847 2.02219522478 0.208186369857 4.87256819219
1.28237635726 1.06980671631 1.33792008186 0.768126235838 0.935727954525 2.54907132847 2.02219522478 0.208186369857 4.94766661919
1.28237635726 1.06980671631 1.33792008186 0.768126235838 0.935727954525 2.54907132847 2.02219522478 0.516280838886 5.06095809548
1.28237635726 1.06980671631 1.74216535814 0.768126235838 0.935727954525 2.54907132847 1.30374978582 0.208186369857 4.79530778783
1.28237635726 1.40490693299 1.33792008186 0.768126235838 0.935727954525 2.54907132847 2.02219522478 0.516280838886 4.75954723545
1.28237635726 1.06980671631 1.33792008186 0.768126235838 0.935727954525 2.54907132847 2.02219522478 0.1 4.72075645731
1.28237635726 0.1 1.33792008186 0.768126235838 0.935727954525 2.54907132847 2.02219522478 0.208186369857 4.75587732019
1.28237635726 1.06980671631 1.74216535814 0.768126235838 0.935727954525 2.54907132847 2.02219522478 0.516280838886 4.89585856886
1.28237635726 1.06980671631 1.74216535814 0.768126235838 0.935727954525 2.54907132847 2.02219522478 0.516280838886 4.71180984011
1.28237635726 1.06980671631 1.33792008186 0.768126235838 0.935727954525 2.54907132847 2.02219522478 0.208186369857 4.7094500695
1.28237635726 1.06980671631 1.33792008186 0.768126235838 0.935727954525 2.54907132847 2.02219522478 0.208186369857 4.77738253117
1.28237635726 1.06980671631 1.74216535814 0.768126235838 0.935727954525 2.54907132847 2.02219522478 0.516280838886 5.00553375199
1.28237635726 1.06980671631 1.33792008186 0.768126235838 0.935727954525 2.54907132847 2.02219522478 0.516280838886 4.57205370719
1.28237635726 1.40490693299 1.33792008186 0.768126235838 0.935727954525 2.54907132847 2.02219522478 0.208186369857 4.87911057439
1.28237635726 1.06980671631 1.33792008186 0.768126235838 0.935727954525 2.54907132847 2.02219522478 0.208186369857 4.89662759087
1.28237635726 1.06980671631 1.33792008186 0.768126235838 0.935727954525 2.54907132847 2.02219522478 0.208186369857 4.96185512932
1.28237635726 1.06980671631 1.74216535814 0.768126235838 0.935727954525 2.54907132847 2.02219522478 0.516280838886 4.65450546081
1.28237635726 1.06980671631 1.33792008186 0.768126235838 0.935727954525 1.55320953824 2.02219522478 0.208186369857 4.61380512356
1.28237635726 1.06980671631 1.74216535814 0.768126235838 0.935727954525 2.54907132847 2.02219522478 0.208186369857 4.99141536394
1.28237635726 1.40490693299 1.70949412973 0.768126235838 0.935727954525 2.54907132847 2.02219522478 0.516280838886 4.60495049566
1.28237635726 1.40490693299 1.33792008186 0.768126235838 0.935727954525 2.54907132847 2.02219522478 0.208186369857 4.69473857561
1.28237635726 1.06980671631 1.33792008186 0.768126235838 0.935727954525 2.54907132847 2.02219522478 0.208186369857 4.94468428487
1.28237635726 1.06980671631 1.74216535814 0.768126235838 0.935727954525 2.54907132847 2.02219522478 0.208186369857 5.03656800286
1.28237635726 1.06980671631 1.33792008186 0.768126235838 0.935727954525 2.54907132847 2.02219522478 0.516280838886 4.8957001087
1.28237635726 1.06980671631 1.33792008186 0.768126235838 0.935727954525 2.54907132847 2.02219522478 0.208186369857 4.63463069044
1.28237635726 1.06980671631 1.33792008186 0.768126235838 0.935727954525 2.54907132847 2.02219522478 0.208186369857 4.75366785229
